*Vertices 2041
64
27
29
23
19
46
20
21
17
22
30
18
21
24
42
13
31
52
15
25
35
17
47
29
37
27
47
17
33
16
12
22
21
30
13
26
49
52
22
24
21
13
12
6
26
42
15
20
26
19
37
18
18
11
17
36
16
16
31
12
15
9
34
49
51
28
18
7
17
9
15
86
4
10
19
7
9
22
17
4
9
17
37
3
21
18
8
17
35
27
5
37
13
4
24
19
19
12
4
8
59
13
14
7
19
9
11
17
26
1
1
1
1
1
1
1
3
1
1
1
1
1
1
1
1
1
2
4
4
1
1
1
1
1
1
1
1
1
1
1
2
2
2
2
3
1
1
1
1
1
1
1
1
1
2
3
1
1
1
2
11
1
2
3
1
1
1
1
1
2
2
1
1
5
1
2
3
1
1
1
2
1
2
1
3
2
1
1
2
4
3
1
2
1
1
4
1
3
1
1
2
1
2
2
4
5
2
1
1
1
1
1
4
1
2
1
1
1
1
1
2
1
2
1
1
1
3
1
1
1
3
3
2
2
1
2
1
3
1
1
2
1
2
1
5
1
1
3
1
1
1
1
2
2
2
1
1
4
5
2
1
1
1
1
1
1
1
1
1
1
1
2
1
1
1
1
1
3
1
3
3
1
1
1
1
1
2
1
1
2
1
1
3
1
1
1
1
1
2
1
2
1
1
1
1
1
1
4
3
1
1
1
2
1
1
1
2
1
3
4
1
1
1
2
3
3
1
1
1
1
1
1
4
1
1
1
2
1
1
1
1
1
1
1
1
1
1
1
2
1
1
1
3
3
1
4
2
4
2
2
1
2
2
3
5
1
3
1
1
3
1
4
1
2
4
3
3
2
1
3
1
3
5
1
1
1
2
1
1
1
1
1
1
2
1
1
1
1
1
1
1
1
2
1
1
1
1
1
1
1
1
1
1
1
1
1
1
1
8
4
1
1
1
1
1
1
2
1
1
4
1
1
1
1
1
6
1
1
1
2
2
1
1
1
2
1
1
1
1
1
1
1
1
1
1
1
1
1
1
1
1
1
1
2
1
1
1
2
1
2
1
1
1
1
1
1
1
1
1
1
2
1
1
1
1
1
4
1
1
1
1
1
1
1
1
1
1
1
1
1
1
1
1
1
1
4
2
1
1
2
1
1
1
1
1
1
2
1
1
4
1
5
1
1
1
1
1
1
1
1
1
1
6
1
1
1
9
8
1
1
1
6
1
1
2
1
1
4
4
1
2
1
1
2
1
1
1
1
1
1
1
1
1
1
1
1
1
1
1
1
1
1
1
1
1
10
1
1
3
1
2
3
3
1
1
2
1
1
1
1
1
1
2
1
1
1
1
1
1
1
4
2
3
1
3
1
3
1
1
1
1
5
1
1
1
1
1
1
1
1
1
1
1
1
5
1
1
1
1
2
1
1
1
1
1
1
1
1
1
1
1
1
1
2
1
2
1
1
1
2
1
3
1
1
3
2
4
1
1
2
1
1
1
1
1
1
2
1
2
2
2
1
1
6
1
1
1
1
3
1
1
2
4
1
3
1
2
2
1
1
1
1
1
1
2
1
2
1
1
1
1
1
1
1
1
1
4
1
2
1
2
1
1
1
1
1
1
1
1
1
1
1
1
2
1
1
3
1
1
1
2
2
1
2
1
1
1
1
1
1
1
2
1
1
1
1
1
3
1
1
1
1
1
2
3
1
1
1
1
2
1
1
1
1
1
2
1
1
1
1
1
1
1
1
1
1
1
1
1
1
1
2
1
2
1
1
2
1
2
4
1
1
1
2
1
1
1
2
1
1
2
1
2
1
1
1
1
1
1
2
1
1
1
1
1
1
2
1
1
1
1
2
1
1
1
1
1
1
1
1
1
1
1
1
3
1
1
1
1
1
1
1
1
1
1
1
1
1
1
1
1
6
1
1
1
1
3
2
1
1
4
1
1
1
1
1
1
1
1
2
1
1
1
2
1
2
1
1
1
1
1
1
1
1
2
1
1
1
2
1
1
1
1
1
1
1
2
1
1
1
1
1
1
2
1
1
1
1
1
1
2
2
1
1
1
1
1
1
1
1
1
1
2
1
1
1
1
2
1
1
1
1
1
1
1
1
1
1
1
1
1
1
4
1
1
1
1
1
1
1
1
1
1
1
1
1
1
4
1
1
1
1
2
1
1
1
4
1
1
2
1
1
1
2
1
3
1
1
2
4
2
4
1
1
2
1
1
2
1
1
1
2
2
1
2
1
1
1
1
2
1
1
1
1
2
1
2
1
1
1
1
1
1
1
1
1
1
1
2
1
1
1
1
2
1
1
1
1
2
2
1
1
1
1
2
1
1
3
1
1
1
1
3
1
1
1
1
1
1
2
1
1
1
1
1
1
1
1
1
1
1
1
1
1
1
1
1
1
1
1
1
1
1
1
1
1
1
3
1
1
1
1
1
1
1
1
1
1
1
1
1
1
1
1
1
1
1
1
1
1
1
1
1
1
1
1
1
1
1
1
1
3
2
4
1
1
1
1
1
1
1
1
1
1
1
1
1
2
2
1
2
1
1
1
1
1
1
2
3
1
1
1
1
1
1
1
1
1
1
2
1
1
1
1
1
1
1
1
1
1
1
1
1
1
1
1
1
1
1
1
2
1
1
1
1
1
1
1
1
1
1
3
1
1
1
1
1
1
1
1
1
1
2
2
1
1
1
1
1
1
1
1
2
1
1
1
1
1
1
1
1
2
1
1
1
1
1
1
2
1
1
1
2
1
1
1
1
1
1
1
2
1
1
1
1
1
1
1
1
1
1
1
1
1
1
1
1
1
1
1
1
1
1
3
1
1
1
1
1
1
1
1
1
1
1
1
1
1
1
1
1
1
1
1
1
1
1
1
1
2
1
1
1
1
1
1
1
1
1
1
1
1
1
1
1
1
1
1
1
1
1
1
1
1
1
1
1
1
2
2
2
1
2
3
1
1
1
1
1
1
1
1
1
1
1
1
1
1
1
1
2
1
1
1
1
1
1
1
1
1
1
1
1
1
1
1
1
1
1
1
1
1
1
1
1
1
1
1
1
1
2
1
1
2
2
1
2
2
1
2
1
1
2
1
1
1
1
1
1
1
1
2
1
1
1
1
1
1
1
1
1
1
1
1
1
1
1
1
1
2
1
1
1
1
1
1
2
1
1
1
1
1
1
1
1
1
1
1
1
1
1
1
1
1
1
1
1
1
1
1
1
1
1
1
1
1
1
2
1
2
1
1
1
1
1
1
1
2
1
1
1
2
1
1
1
1
1
1
1
1
1
1
1
1
1
1
1
1
1
1
1
1
1
1
1
1
1
1
1
1
1
1
1
2
1
1
1
1
1
1
1
1
1
1
1
1
1
1
1
1
1
1
1
1
1
1
1
1
1
1
1
1
1
1
2
1
1
1
1
1
1
1
1
1
1
1
1
2
1
1
1
1
1
1
1
1
1
1
1
1
1
1
1
1
1
1
1
1
1
1
1
1
1
2
1
1
1
1
2
1
1
1
1
1
1
1
1
1
1
1
2
1
1
1
1
1
1
1
1
1
1
1
1
1
1
2
1
1
1
1
1
1
1
1
1
1
1
1
1
1
1
1
1
1
1
1
1
1
1
1
1
1
1
1
1
1
1
1
1
1
1
1
1
1
1
1
1
1
1
1
2
1
1
1
1
1
1
3
1
1
1
1
1
1
1
1
1
1
1
1
1
1
1
1
1
1
1
1
2
2
1
1
1
1
1
1
1
1
1
1
1
1
1
1
1
1
1
1
1
1
1
1
1
1
1
1
2
2
1
1
1
1
1
1
1
1
1
1
1
1
1
1
1
1
1
1
1
1
1
1
1
1
1
1
1
1
1
1
2
1
1
1
1
1
1
1
1
1
1
1
1
1
1
1
1
1
1
1
1
1
1
2
1
1
1
1
1
1
1
1
1
1
1
1
1
1
1
1
1
1
2
1
1
1
2
1
1
1
1
1
1
1
1
1
1
1
1
1
1
1
1
1
1
1
1
1
1
1
1
1
1
1
1
1
1
1
1
1
1
1
1
1
1
1
1
1
1
1
1
1
1
1
1
1
1
1
1
1
2
1
1
1
1
1
1
1
1
1
1
1
1
1
1
1
1
1
1
1
1
1
1
1
1
1
1
1
1
1
1
1
1
1
1
1
1
1
1
1
1
1
1
1
1
1
1
1
1
1
1
1
1
1
1
1
1
1
1
1
1
1
1
1
1
1
1
1
1
1
1
1
1
1
1
1
1
1
1
1
1
1
1
1
1
1
1
1
1
1
1
1
1
1
1
1
1
1
1
1
1
1
1
1
1
1
1
1
1
1
1
1
1
1
1
1
1
1
1
1
1
1
1
1
1
1
1
1
1
1
1
1
1
1
1
1
1
1
1
1
1
1
1
1
1
1
1
1
1
1
1
1
1
1
1
1
1
1
1
1
1
1
1
1
1
1
1
1
1
1
1
1
1
1
1
1
1
1
1
1
1
1
1
1
1
1
1
1
1
1
1
1
1
1
1
1
1
1
1
1
1
1
1
1
1
1
1
1
1
1
1
1
1
1
1
1
1
1
1
1
1
1
1
